,3
,7
,23
,89
,113
,139
,199
,523
,887
,1129
,1327
,1669
,1831
,2477
,2971
,4297
,5591
,9551
,15683
,16141
,19333
,19609
,28229
,30593
,31397
,31907
,34061
,35617
,43331
,44293
,81463
,82073
,89689
,134513
,155921
,162143
,173359
,188029
,212701
,265621
,360653
,370261
,396733
,404597
,404851
,461717
,492113
,542603
,544279
,604073
,927869
,1098847
,1100977
,1349533
,1357201
,1388483
,1444309
,1468277
,1671781
,1895359
,2010733
,2238823
,3117299
,3826019
,3851459
,4652353
,5518687
,5845193
,6034247
,6371401
,6752623
,6958667
,7621259
,8421251
,10343761
,11981443
,13626257
,17051707
,17983717
,20285099
,20831323
,27915737
,33803689
,36271601
,37305713
,38089277
,38394127
,39175217
,39389989
,46006769
,47326693
,49269581
,52721113
,70396393
,79167733
,83751121
,107534587
,112098817
,122164747
,123454691
,134065829
,142414669
,147684137
,166726367
,189695659
,191912783
,192983851
,202551667
,215949407
,216668603
,232423823
,253878403
,327966101
,367876529
,378043979
,387096133
,391995431
,409866323
,436273009
,519653371
,525436489
,555142061
,607010093
,630045137
,649580171
,673919143
,693103639
,895858039
,944192807
,1202442089
,1282463269
,1294268491
,1316355323
,1391048047
,1438779821
,1453168141
,1579306789
,1649328997
,1667186459
,1851255191
,1855047163
,1872851947
,1948819133
,2300942549
,2357881993
,2433630109
,2842739311
,3842610773
,3917587237
,4024713661
,4260928601
,4302407359
,4372999721
,4758958741
,5260030511
,5490459101
,5692630189
,5837935373
,5893180121
,6291356009
,6570018347
,6675573497
,7961074441
,8605261447
,8650524583
,8948418749
,10726904659
,10958687879
,11291401837
,12010745569
,12109172293
,13086861181
,16161669787
,16792321339
,16808773277
,17002876643
,19724087267
,20068818197
,20108776097
,20404137779
,20678048297
,22076314313
,22367084959
,23064761663
,23323808741
,24355072517
,25056082087
,25425617317
,30750892801
,30827138509
,35238645587
,35877724601
,36172730063
,38116957819
,40267027589
,42652618343
,44293346177
,47203303159
,49306638307
,49914935177
,50806025873
,51430518413
,53241805651
,59942358571
,63816175447
,82490815123
,87241770619
,98276144093
,101328529441
,117215204531
,121972158437
,124221464119
,127084569923
,127976334671
,129300694603
,131956235563
,134664608389
,141846299801
,144999022043
,156798792223
,180265084403
,182226896239
,190418076203
,202530831163
,219950168411
,241160624143
,250964194171
,264495345259
,280974865361
,297501075799
,303371455241
,304040251469
,304599508537
,367459059871
,367766547571
,400729567081
,402872474743
,416608695821
,417470554687
,428315806823
,461690510011
,466855187471
,482423533897
,565855695631
,614487453523
,681753256133
,725978934347
,738832927927
,747431049203
,767644374817
,804541404419
,865244709607
,880318998907
,910361180689
,1051602787181
,1214820695701
,1258535916601
,1275363152099
,1339347750707
,1346294310749
,1408695493609
,1480064231153
,1529741785139
,1620505682371
,1841086484491
,1968188556461
,1999066711391
,2081209441279
,2122536905311
,2164206784721
,2205492372371
,2209016910131
,2210401546601
,2256065636039
,2296497058133
,2336167262449
,2496646209271
,2614941710599
,2652427555639
,2707053887651
,3108794067079
,3380058341279
,3410069454097
,3621153039299
,4165633395149
,4260199366373
,4338624362173
,4442109925217
,4872634110067
,4897642179197
,5120731250207
,5263973982823
,5371284217763
,5439564948583
,5441175346967
,5499789519863
,5614481773561
,6010330572331
,6364466316577
,6993007248239
,7177162611713
,7552870120721
,8095224517651
,8817792098461
,9105981382177
,9344093035661
,9383081340541
,9483480841753
,9787731507761
,10487995154603
,10653514291843
,11082394066097
,12112937821403
,12644461143649
,13059969946711
,13397310636587
,13829048559701
,14141685364577
,14998144209049
,15712145060693
,17418754709747
,17499522060011
,17659394869309
,18691113008663
,19581334192423
,19786638118631
,20761252261751
,20767330530329
,22099408494481
,23333096984797
,24179270588173
,24923033918059
,26456514142099
,28340177964929
,30236507704253
,33605480400197
,33785727371453
,34140047613391
,35625755878981
,37970994487033
,38745678640849
,39883132551139
,41433781612373
,41459443375351
,42610475373269
,42842283925351
,43603583701331
,45678685880759
,47137733785861
,47581758352253
,49639993268989
,51027160468351
,54916086007427
,57360609786539
,57723522921803
,59692452738913
,62088893223739
,65862966031241
,70099348325843
,74014757794301
,78610833115261
,82342388119111
,82385435331119
,90874329411493
,96949415903999
,97731545943599
,98103148488133
,106749746034601
,110526670235599
,111113196467011
,138965383978937
,140085225001801
,143282994823909
,143679495784681
,144895907074481
,145508250945419
,154312610974979
,156100489308167
,161443383249583
,171231342420521
,172373989611793
,184219698008123
,186129514280467
,187865909338091
,189442329715069
,214198375528463
,218209405436543
,218356872845927
,219831875554399
,243212983783999
,244668132223727
,255294593822687
,277900416100927
,309715100117419
,323811481625339
,407835172832953
,423683030575549
,425746080787897
,455780714877767
,469789142849483
,471911699384963
,486258341004083
,497067290087413
,497687231721157
,507747400047473
,518557948410967
,546609721879171
,554544106989673
,632213931500513
,670250273356109
,673252372176533
,678106044936511
,726507223559111
,743844653663833
,782685877447783
,799615339016671
,807201813046091
,827873854500949
,844893392671019
,860149012919321
,880772773476623
,913982990753641
,1045130023589621
,1125406185245561
,1142191569235289
,1189459969825483
,1271309838631957
,1330854031506047
,1361832741886937
,1384201395984013
,1385684246418833
,1392892713537313
,1420178764273021
,1432204101894959
,1464551007952943
,1466977528790023
,1555616198548067
,1598729274799313
,1686994940955803
,1693182318746371
,1710270958551941
,1744027311944761
,2053649128145117
,2069461000669981
,2126985673135679
,2298355839009413
,2389167248757889
,2406868929767921
,2441387599467679
,2508853349189969
,2537070652896083
,2606748800671237
,2705074880971613
,2759317684446707
,2764496039544377
,2819939997576017
,3182353047511543
,3346735005760637
,3371055452381147
,3441724070563411
,3614455901007619
,3720181237979117
,3780822371661509
,3877048405466683
,3945256745730569
,4020057623095403
,4127074165753081
,4198168149492463
,4286129201882221
,4452510040366189
,4698198022874969
,4941033906441539
,5000793739812263
,5146835719824811
,5158509484643071
,5241451254010087
,5356763933625179
,5806170698601659
,6074186033971933
,6381944136489827
,7123663452896833
,7548471163197917
,7664508840731297
,8445899254653313
,8775815387922523
,8909512917643439
,9438544090485889
,9492966874626647
,10048813989052669
,10244316228469423
,10369943471405191
,10501301105720969
,10676480515967939
,10773850897499933
,11453766801670289
,11666708491143997
,11678629605932719
,11765987635602143
,11813551133888459
,12040807275386881
,13206732046682519
,13893290219203981
,14337646064564951
,14595374896200821
,14693181579822451
,14954841632404033
,15114558265244791
,15500910867678727
,16608210365179331
,18730085806290949
,19124990244992669
,19182559946240569
,19403684901755939
,19449190302424919
,20931714475256591
,21028354658071549
,21475286713974413
,21743496643443551
,22439962446379651
,22790428875364879
,22972837749135871
,23900175352205171
,24873160697653789
,25016149672697549
,25488154987300883
,25702173876611591
,26014156620917407
,28269785077311409
,28642379760272723
,29835422457878441
,31068473876462989
,33215047653774409
,33288359939765017
,34847474118974633
,36077433695182153
,37343192296558573
,37967240836435909
,39793570504639117
,40433690575714297
,41762363147589283
,43614652195746623
,43841547845541059
,43986327184963729
,46246848392875127
,50393998281635599
,55350776431903243
,57701567767397551
,58904398834827743
,59847994456941689
,60592199607166471
,61499427052410467
,65850655232778077
,67777708053772723
,68402499016330903
,72638824545480979
,74224828152967109
,78120687162386527
,78661510510855829
,78944802602538877
,79017505670475503
,80873624627234849
,83122134991935569
,83673835565278157
,85302586561540801
,86140861070845751
,88089672331629091
,89219242873419107
,91279735474288321
,94806694814591819
,98436147540371287
,98478363965750941
,100782668521266887
,102747074635818793
,114325788973753817
,120851132995428191
,125160515463958367
,125996288873077487
,128626712407417247
,139033656446725643
,140935513411946599
,154590409516822759
,157238558611311811
,172766268126495557
,172875009928864583
,180522639380365181
,181042197317796421
,183670944093871963
,198887512806988729
,200984626360730041
,203153416523088323
,203986478517455989
,204757944249503741
,213246910999548949
,216345819354183383
,218034721194214273
,236552906662007587
,272671045607764619
,293464161465135373
,305405826521087869
,335806927576651033
,349406882169475043
,352521223451364323
,371964537401929403
,399081457010391689
,400240934741322419
,401429925999153707
,404444692323376357
,416961298104009067
,418032645936712127
,423956456398811659
,443136926113560739
,445249915053000907
,460909189461777919
,467250693994588501
,475086744253214827
,494653394305448051
,505283911484360249
,523255220614645319
,542411771944351871
,571726134106027067
,577900021137712561
,605046330029026447
,612702185805985321
,637183034848138127
,675147036415334159
,697543681633814903
,703390724952490921
,727082020527468413
,733214931813155339
,749565457554371299
,753917635380895597
,771097525313900857
,804212830686677669
,819615344996114321
,843649638178223431
,854284995847812563
,882943713911424097
,892327717188081079
,977147715704817539
,991215618225244991
,999195046759853777
,1011286887276072703
,1024528376045432807
,1031501833130243273
,1032032088646806901
,1051140888051230423
,1059422001388912327
,1087112900219554391
,1106028436187467937
,1134477539738474479
,1141041866384833123
,1153277647303540597
,1169292497427924131
,1180351752204137089
,1188134379382395323
,1214119646547613277
,1331711247969025019
,1396487719253403577
,1421604699797863297
,1425172824437699411
,1430953616048277509
,1450329672253364801
,1480032037939634731
,1578169106141187727
,1731080876394228577
,1739018026817067239
,1798556720194308703
,1799235198379903447
,1868326184764055803
,1918586799657617591
,1954317467127310787
,2075069444143279153
,2187394669865744117
,2216270859803142601
,2221899288238768093
,2424708729726767749
,2635281932481539903
,2722012569747681653
,2805562883448462853
,2812814235281609869
,2918478076849134103
,2927648057268473633
,2937020849713856977
,2975205524123301149
,2980707563031238363
,3103251464536797599
,3219107182492871783
,3278018069102480227
,3431657795858378003
,3449340080274651527
,3492657661005161107
,3725235533504101511
,3750992529339978877
,3754930427730628273
,3937457950646269397
,4105079953458040849
,4219088970046367161
,4253027105513399527
,4459397360427487997
,4606937813294064947
,4646044042396639877
,4834864424015986771
,5013757591652095753
,5295442011781310951
,5412399181863804469
,5468779003189090187
,5642831456340753611
,5662268059649697577
,5662789033400271433
,5733241593241196731
,6124339150787745169
,6446080171984989091
,6508776242818491391
,6787988999657777797
,6910128698372846693
,7161997391085310681
,7421944961369698183
,7529566736915883083
,7547190328070365163
,7562321651334729221
,7787601252820494607
,8382021357433147093
,8987860411525737317
,9586724781371233277
,9656919634106230133
,9808299410025809701
,9984196949838014041
,10103695526434940251
,11243131368574587263
,11312044110819306577
,11320694552053653731
,11596084211508428503
,12685915882452557351
,13193289465222402713
,13512363187520983367
,13533471241504919417
,14950212737555571061
,15170997176864748337
,15570628755536096243
,16952841674089990313
,17494076304651094403
,17554325571496337149
,17678654157568189057
,18361375334787046697
,4002619183924011786913
,5770048436461955692099
,73801917125338389287387
,84218359021503505748941
,86218359339887747268047
,88409025774659694609269
,88409026124861029148819
,89710026176773836945217
,89710026486429798992891
,90008005599853798224983
,90111023769130809399029
,90222023473132140911693
,90878026146410320319899
,91008005685955879916401
,91008005946943131136471
,91008005972217030656653
,92008005233975799174049
,93310024192891977362587
,94300023928555118094019
,153125481414651411510001
,156125481875506479892793
,156125482244715684723361
,157169790357596057379929
,157169791076572756411427
,227125476252860770095113
,253169789816132426550317
,253169789949009657060949
,275125480759770276082019
,316129781674683983721599
,316129781931380000239027
,321118702204796464465487
,348125468109010265299271
,365125479831480440522173
,373125439110289088473021
,383125781171409136307917
,386129781045655719636997
,407157025236974485914323
,413139024725895827274791
,444888024000161880076721
,461003024868247915125547
,461003025023148162667033
,475135024904107611376237
,506169788449647021511111
,506169788578597518312989
,507139024133574480779581
,511125438041415299421601
,511125438130918347478759
,511125438233180134480537
,512152024202519512101751
,519125479346441609466023
,531003024200344806027041
,541125437432624695426031
,601559025236668271908379
,645600025854624019250411
,654774025979872326628579
,671442875163990116829497
,708664733765282327176751
,804129785116002444535417
,804129785157132937665433
,808129786082486355062717
,817125469610972857731061
,822125462857195122741779
,829125472095488458309583
,876129783640337274493519
,908600025159019423417933
,929125470064749912335467
,1409619025494896363461087
,1689619025236598760976829
,1863007027058448917031433
,2417837025702997028843443
,2513007025963463586387241
,2668123000582492119464617
,3201211026096992172885613
,3301311026130755902574909
,4417837025271189172082513
,4591958808448499496305287
,4601311025550610228138711
,4771561025190978473357407
,4871005025825741055913559
,5013267025248268009777159
,5111827025410880328372583
,5701963804766267176483453
,9242091025170776894993897
,10148375028695776627340501
,10234026002878309225086799
,10234026003107509182675341
,10503126003077789930911879
,17853322005951711516168487
,20383026002229098626547639
,30011026001827477703636173
,37039655026170596199293657
,37039655026277896461956917
,38283026000105876456447549
,39753026000841430736202739
,40503126001716558768993799
,42461577000200688572056091
,50011026000605167554818833
,50011026000985432236994141
,50011026001254085912788547
,50148375026035070947338349
,50234026000970339549409247
,50503126001280209002157267
,50754026000858414432532293
,55723122040086608203258649
,69361551050100334908440329
,72753026003121484051877369
,73283026003973067104501339
,79139658026044243740847151
,80184269026465047227041177
,83753026001934316187838497
,84199650026160877110518461
,84523126003293348705947939
,86087256026428977676556479
,86283026003161194576775057
,88148378027905948598974153
,90523126001136840586142237
,90523126002000439101137111
,90523126002091526467218463
,90523126002117844475997013
,91084263026046832262353511
,91283026002272823778115587
,94283026000460650817643547
,96523126000774442796493001
,110449654697555438112561319
,124127829027210048144492593
,161023337027912452750278023
,161023337027994323152086013
,161023337028310365631639753
,161023337028376633976274427
,167021551028816331494487719
,169206313035910497586224637
,169206313037524085550011021
,172233338035577973225937699
,172233338035661427996026473
,183245698035574395968790427
,183245698038521377016396923
,185265722028138732845783509
,191506729036081185032535079
,191506729036347786101707879
,191506729036672524811449829
,191506729038361825489489313
,197021551027975628706026789
,198245298028246350476778643
,198245298028294569694862807
,211506729033894836038769081
,227021551027737529987065469
,253022127027824187693016727
,261023337027413737623820943
,302233338032699490171225683
,313245698033230889150530529
,314206313032559556437705819
,333245298028562639400861353
,361023337029228675738125911
,361023337029651191344064387
,363253313027185154998755239
,414127829027107949907596749
,508253313027343345210322131
,512233338030056680994432863
,517021551027178550547527491
,531506722030087317322633423
,531506722032495269637700891
,531506722032894991035261461
,612233338029038274818850137
,612233338029577635338157403
,622337118707239085237867807
,644853313030609631743421827
,663853313028090003058817561
,685245298027055418345996361
,931506729027818356495510979
,931506729027974407041540707
,1985698761742223986651814371
,2518970080811424228048297851
,2681804411030756891181329527
,2681804411030796838102390267
,2844230000030892453360363713
,3001549619028368687092343141
,3001549619029361061238343309
,3039248000030181434897238311
,3044230000030128405583745033
,3281312000028041064344397077
,3521777371029774497617670861
,3681804411029893987474470217
,3717737905029238085958241901
,3733289118707267491829280101
,3883778117029429378726839157
,3883778117029553360606784223
,4101238311033979111838291509
,4392804445028608016009081833
,4521777371028573501293031019
,4521777371028957272039263763
,4603737621033901941540708091
,4611238371029716324077383681
,4883778117028144439778057967
,5020547613028019048897910089
,5570675040016229618538921497
,5603737621032667844132289397
,5739248000028792850873302491
,5844230000028765302725127593
,5851230000021967795781669357
,5972248000023708695939463647
,6021312001028259683626568699
,6101238311031688672705309009
,6101239311029812830316130021
,6101239311030479007754228103
,6139248000028643882072689133
,6670605040015867559498340553
,7051230000020674054592576303
,7500230000000254312587886349
,7500230000004410741095419811
,7500230000005019060037933673
,7500230000005824418875087691
,7500230000011523034496281371
,8012239000018115133439311463
,8051230000019922137852468729
,8101238311029153282478027583
,8104778551030016778369544613
,8511230000017373935165665319
,8761007116028125697454115487
,15251000000439240915164391943
,15600350800200231835802693153
,15600350800200591840837572687
,16107428778765206909298916249
,16107428778765313805063526049
,16107428778766062769433544071
,16817006514738017659250207459
,16967428778771122673539497533
,17361011751029174933335986203
,17817006514740891827868262213
,21119471029029007664840376149
,21124471029101398728988856797
,29045119029001077581773468231
,29045119029001231341899676133
,78965098027967495955787825381
,83723413734029484073263062011
,93010225055029330341377130337
,93777234437032666433522975959
,93777234437033872048058808383
,93825139554000834758506871159
,94381705258295181151295669737
,98731233432030301788380501897
,484458149616032368701456021079
,631337750259693153112235938121
,801451149611030245636120895591
,801451149611030624254364873641
,892340838549031853833349514503
,917123687913032561163805565423
,927619616117030224870646906207
,1611281318552031378980232272063
,2304607319542032497749866213061
,3809205709418032358337519745171
,5887250233904031284472398660693
,20282409603651671079340215344953
,45154861419265032079255464330641
,65013315500001000157495421077531
,85982514713000000005643994785767